algorithm	Time	StdDev	Min	Max
seed_100_matrix_chain_0	0.008230608199937706	0.0015432891581448225	0.0063573309998901095	0.01174244199955865
seed_100_matrix_chain_1	0.017544162799822516	0.0022997093352909318	0.014100350999797229	0.02031215999977576
seed_100_matrix_chain_2	0.03198218570014433	0.010288110567322229	0.02291076100027567	0.052267255000515433
seed_100_matrix_chain_3	0.03763557949978349	0.008684962145298885	0.028207551000377862	0.05298896699969191
seed_100_matrix_chain_4	0.016925176899803773	0.004791473611850206	0.013339662999896973	0.030168822999257827
seed_100_matrix_chain_5	0.02165764189985566	0.006363473685612903	0.013938355000391311	0.037207104999652074
seed_100_matrix_chain_6	0.03517235159997654	0.01126979781796001	0.027280947000690503	0.060309546000098635
seed_100_matrix_chain_7	0.03293972290002785	0.008985915912172758	0.027564981000068656	0.056921078999948804
seed_100_matrix_chain_8	0.03890614159990946	0.010311105448945897	0.033251756000026944	0.0687456050000037
seed_100_matrix_chain_9	0.03977235789980114	0.009310392760980236	0.033461668999734684	0.06248070799938432
seed_100_matrix_chain_10	0.006356685399805428	0.0028335295845796997	0.0034209129998998833	0.01261176499974681
seed_100_matrix_chain_11	0.018378543799917678	0.005568124813697037	0.014376463000189688	0.03370075899965741
seed_100_matrix_chain_12	0.03230815339984474	0.008823978872619084	0.026187168000433303	0.056727606000094966
seed_100_matrix_chain_13	0.037911409700336664	0.007644739537677514	0.031396818000757776	0.05836708000060753
seed_100_matrix_chain_14	0.04317314780009838	0.005732834815678714	0.03830820799976209	0.058998168000471196
seed_100_matrix_chain_15	0.020380588000080024	0.006794326176852031	0.01604611000038858	0.03972231199986709
seed_100_matrix_chain_16	0.022532099799900607	0.007272921921544735	0.0180202379997354	0.04330127000048378
seed_100_matrix_chain_17	0.06547035249996043	0.005812658603107439	0.05471532199953799	0.07734356999935699
seed_100_matrix_chain_18	0.019473737599946618	0.008586524223084431	0.013058670999271271	0.03815278199999739
seed_100_matrix_chain_19	0.010738810799921339	0.004089765461886874	0.007165035999605607	0.018484793999959948
seed_200_matrix_chain_0	0.012111209399881773	0.005982148897786371	0.007733024999652116	0.025767346999600704
seed_200_matrix_chain_1	0.024184730999877502	0.005680105455635505	0.02075928300018859	0.039970269999685115
seed_200_matrix_chain_2	0.05059819889975188	0.008087816786542008	0.043851790000189794	0.07242459099961707
seed_200_matrix_chain_3	0.040245903899813126	0.007195373592855632	0.03541946399946028	0.05950431099972775
seed_200_matrix_chain_4	0.04357252809986676	0.007668427972072759	0.034615446999850974	0.05681390999961877
seed_200_matrix_chain_5	0.01566843800010247	0.005800716891085025	0.012154168000051868	0.03150262000053772
seed_200_matrix_chain_6	0.03913709549997293	0.0075786308380358346	0.033290368000052695	0.06042917800004943
seed_200_matrix_chain_7	0.03703849910007193	0.008647097277176531	0.031954160000168486	0.061554971000077785
seed_200_matrix_chain_8	0.020547598499979357	0.006167167083044658	0.015104312999937974	0.03641665800023475
seed_200_matrix_chain_9	0.02174155079992488	0.007067728511836571	0.016934076999859826	0.040765781000118295
seed_200_matrix_chain_10	0.022291563199996745	0.007025826682291895	0.017548982000334945	0.042498150000028545
seed_200_matrix_chain_11	0.01312746569974479	0.005730911948174539	0.008732231999601936	0.025962167999750818
seed_200_matrix_chain_12	0.011714131600092515	0.005112897253250121	0.007257803000356944	0.021506273999875702
seed_200_matrix_chain_13	0.019227664000118237	0.0076117078370305895	0.015015631000096619	0.04125612099960563
seed_200_matrix_chain_14	0.009355882199906773	0.004084064187890754	0.0064535359997535124	0.019462303999716823
seed_200_matrix_chain_15	0.018232891099887637	0.005369736231626301	0.013573707999967155	0.03297664599995187
seed_200_matrix_chain_16	0.026872312799787322	0.009001950246995809	0.019998752999526914	0.05028918599964527
seed_200_matrix_chain_17	0.02066396549980709	0.006779499506255166	0.01586815300015587	0.04006976599976042
seed_200_matrix_chain_18	0.018884361399977935	0.008198466768652796	0.014771985000152199	0.042287426000257256
seed_200_matrix_chain_19	0.0431449628998962	0.011980757702438779	0.03603946499970334	0.0778731880000123
seed_300_matrix_chain_0	0.03842577380000876	0.008290269558322556	0.03234246699958021	0.0603323300001648
seed_300_matrix_chain_1	0.04273227420017065	0.005829525121387952	0.0382479340005375	0.05852245599999151
seed_300_matrix_chain_2	0.0369873758997528	0.007086971205297226	0.02972641299948009	0.055941030999747454
seed_300_matrix_chain_3	0.030796309099878273	0.009965188540277706	0.023580527000376605	0.058981871000469255
seed_300_matrix_chain_4	0.036563399900023795	0.007114817522067152	0.030759741000110807	0.05688354700032505
seed_300_matrix_chain_5	0.011116291299822478	0.004296934863269598	0.007100609999724838	0.01927766500011785
seed_300_matrix_chain_6	0.03658251739998377	0.006149636393538669	0.03159367799980828	0.05321149500014144
seed_300_matrix_chain_7	0.028490762799810908	0.008182144165482663	0.02177558599942131	0.05202718900000036
seed_300_matrix_chain_8	0.06260878799994316	0.00912121066288749	0.05523020800046652	0.0869355059994632
seed_300_matrix_chain_9	0.020499344400104747	0.005168911289602357	0.01689904300019407	0.03456383799948526
seed_300_matrix_chain_10	0.0406365587999062	0.010222262905747185	0.03014936299950932	0.06343629000002693
seed_300_matrix_chain_11	0.016344326799935516	0.005655430932173018	0.012205852999613853	0.03182760900017456
seed_300_matrix_chain_12	0.01964238269974885	0.006903542102542124	0.014400805999684962	0.03742809999948804
seed_300_matrix_chain_13	0.042067200800102	0.007018957469327105	0.03650401100003364	0.061609628000041994
seed_300_matrix_chain_14	0.011660077399938018	0.005417527733861903	0.007589269999698445	0.022496546000184026
seed_300_matrix_chain_15	0.050336719299866675	0.01174828818517195	0.041399151000405254	0.07848856000055093
seed_300_matrix_chain_16	0.043469154099966545	0.007357406085566602	0.0364408919995185	0.060036070000023756
seed_300_matrix_chain_17	0.06180240139974558	0.007301108374495716	0.05269605800003774	0.08055023999986588
seed_300_matrix_chain_18	0.026034244600123203	0.006392299338030841	0.021594111000013072	0.044124554999143584
seed_300_matrix_chain_19	0.010839676600062376	0.00495533413038179	0.006796839999879012	0.020717263999358693
seed_400_matrix_chain_0	0.007032072499714559	0.0034855230809413204	0.003933721999601403	0.013954457999716396
seed_400_matrix_chain_1	0.006745559299906745	0.0025939469846987615	0.0037581759997920017	0.012583808000272256
seed_400_matrix_chain_2	0.05270937990017046	0.008861770044493952	0.04339113600053679	0.07502102500075125
seed_400_matrix_chain_3	0.017884919999960402	0.0026686128597456656	0.015326296999774058	0.024747852000473358
seed_400_matrix_chain_4	0.01760206940007265	0.005700089077306798	0.012691517999883217	0.03210969100018701
seed_400_matrix_chain_5	0.034176849300092724	0.005544739718423851	0.028026124999996682	0.04708361200027866
seed_400_matrix_chain_6	0.0266078498000752	0.007242250187133629	0.02242298200053483	0.04646381300062785
seed_400_matrix_chain_7	0.025492964000022766	0.007969579892879577	0.01806594000026962	0.04644429299969488
seed_400_matrix_chain_8	0.006302929100093025	0.0024739367320560065	0.0029509109999708016	0.009799864000342495
seed_400_matrix_chain_9	0.012563176700132317	0.004744570646368823	0.009103031999984523	0.023835992999920563
seed_400_matrix_chain_10	0.05301327389997823	0.008834350082736317	0.046626983000351174	0.07662022000022262
seed_400_matrix_chain_11	0.05275063640010558	0.008034166192149873	0.04584238000006735	0.06978336500014848
seed_400_matrix_chain_12	0.027626321999832726	0.007257840211601998	0.02393518899953051	0.04816672199922323
seed_400_matrix_chain_13	0.04282891469993046	0.005834179561075901	0.03618083400033356	0.057931242999984534
seed_400_matrix_chain_14	0.019408639899847913	0.005429211462743776	0.014970915999583667	0.03315368799940188
seed_400_matrix_chain_15	0.033833304999916436	0.008851461027448508	0.02752356399923883	0.0578115730004356
seed_400_matrix_chain_16	0.04814024770021206	0.006226147204269892	0.042539684000075795	0.06541664799988212
seed_400_matrix_chain_17	0.0152755850000176	0.005505794758484878	0.01145868799994787	0.030815040000561567
seed_400_matrix_chain_18	0.027233685000101104	0.00678133579359291	0.02222187700044742	0.046192771999812976
seed_400_matrix_chain_19	0.030137471699890738	0.008344848914008817	0.021966159999465162	0.04811550700014777
seed_500_matrix_chain_0	0.02640911080006845	0.006767073892382822	0.021502708999832976	0.04527398099980928
seed_500_matrix_chain_1	0.023538904300039576	0.0072904181772622135	0.01871759200002998	0.04473429999961809
seed_500_matrix_chain_2	0.020210356900133775	0.007165497455846054	0.01616112899955624	0.04095097400022496
seed_500_matrix_chain_3	0.006983960300112812	0.0031005850280234237	0.004238204000102996	0.01259974099957617
seed_500_matrix_chain_4	0.007041747000221222	0.003365448949409834	0.0038529430003109155	0.014722874000653974
seed_500_matrix_chain_5	0.021847366400197642	0.007205915094930933	0.016341748999366246	0.041972187000283157
seed_500_matrix_chain_6	0.0419046605999938	0.007981003551186002	0.03529385500041826	0.06074013000034029
seed_500_matrix_chain_7	0.006657036799970229	0.0024752132427354155	0.003806632999840076	0.010839974000191432
seed_500_matrix_chain_8	0.021800179700039734	0.006188579837882387	0.01751026199963235	0.03861884599973564
seed_500_matrix_chain_9	0.015620637399933912	0.0066369494207196055	0.011408317999666906	0.03508465699997032
seed_500_matrix_chain_10	0.01973805640000137	0.007560468598981027	0.014808437000283448	0.04065687000002072
seed_500_matrix_chain_11	0.007901736499934486	0.0035415438116320405	0.004071002999808115	0.015286527999705868
seed_500_matrix_chain_12	0.01881414749987016	0.006248557825475212	0.014068417999624216	0.03240922299937665
seed_500_matrix_chain_13	0.034933381200062286	0.005599222020102304	0.029645492000781815	0.049466677000054915
seed_500_matrix_chain_14	0.016536978999920394	0.0060051785583163314	0.011993387999609695	0.03323001999979169
seed_500_matrix_chain_15	0.03744991349985867	0.00826826813734664	0.031012098000246624	0.0614438650000011
seed_500_matrix_chain_16	0.015693832999932055	0.00372007999355525	0.012352112000371562	0.025313290999292803
seed_500_matrix_chain_17	0.06358774719992652	0.006171522575898632	0.0545149270001275	0.07865278000008402
seed_500_matrix_chain_18	0.028348828199887065	0.009025140239602276	0.0232885619998342	0.05413781700008258
seed_500_matrix_chain_19	0.00627930530008598	0.0026061515518924893	0.00354369599972415	0.010759138999674178
